MAE: 15.263271
RMSE: 28.698842
MAPE: 24.78%
R2: 0.418634
